0 349 541 649 N
1 221 370 649 I
2 214 439 491 I
3 365 385 441 J
4 247 455 217 I
5 208 475 416 I
6 535 148 433 C
7 332 396 233 J
8 223 464 908 I
---------------------------------
0 523 581 525 
1 497 420 42 
2 259 460 291 
3 364 393 333 
4 236 458 333 
5 395 406 241 
6 239 458 558 
7 260 551 183 
0 707 637 525 
1 375 464 167 
2 227 451 408 
3 356 383 666 
4 213 456 799 
5 765 533 308 
6 430 369 408 
0 737 367 2723 
1 609 196 2723 
2 344 349 400 
3 242 423 1082 
4 541 326 542 
5 521 212 1307 
0 469 344 141 
1 599 402 241
2 266 472 192
3 213 487 641
4 797 391 58
5 891 414 175
6 360 410 150
7 244 464 142
8 225 470 17
0 271 461 191
1 369 405 383
2 261 435 308
3 338 388 225
4 341 400 50
5 248 439 191
6 229 440 183
7 233 448 108
0 284 473 716
1 156 302 716
2 318 458 225
3 248 466 291
4 350 397 675
5 333 604 125
6 361 395 158
7 794 401 183
8 867 422 441
9 389 391 341
10 138 396 458
0 621 656 291
1 493 485 291
2 276 423 183
3 214 441 167
4 375 362 250
5 892 381 600
6 423 382 283
7 207 445 766
8 207 393 192
9 205 433 425